1 : []
2 : []
3 : [95, 16, 83, 46, 63]
4 : [104, 34]
5 : [109]
6 : [73, 25, 69]
7 : [63, 108]
8 : [41, 64, 15, 80, 89]
9 : []
10 : [105, 38, 87, 63, 87]
11 : [49, 25]
12 : [6, 106, 34, 44, 40]
13 : [103]
14 : [20, 74, 104, 106, 64]
15 : [109, 90]
16 : [56]
17 : [111]
18 : [65, 65]
19 : [35]
20 : []
21 : [87, 57, 1, 41, 54]
22 : []
23 : []
24 : [102, 62, 30, 30]
25 : [96, 34, 81, 83]
26 : [47, 109, 42, 19]
27 : []
28 : []
29 : []
30 : [98]
31 : [77]
32 : []
33 : [96, 105, 97, 92, 72]
34 : []
35 : [78, 105]
36 : [53, 43]
37 : []
38 : []
39 : [47, 29, 72]
40 : [23, 30, 55, 8, 87]
41 : [104, 109, 101, 80, 100]
42 : [16, 28, 30]
43 : [23, 6]
44 : [55, 62, 88]
45 : [102, 70, 105, 99, 63]
46 : [35, 79, 111, 31]
47 : [13, 65]
48 : []
49 : [102, 86, 26, 34, 76]
50 : [103, 14, 17, 21, 34]
51 : [24, 85, 94]
52 : [76, 9, 11]
53 : [71, 65, 10]
54 : [48, 39, 26, 52, 76]
55 : [70, 1, 64, 104]
56 : [29, 39, 72, 106]
57 : [44]
58 : [15, 98, 18]
59 : [43, 1, 25, 85, 49]
60 : [104, 109, 98, 23]
61 : [52, 3, 82, 84, 63]
62 : [51, 107, 33, 46]
63 : [5]
64 : [106, 17]
65 : [46, 87]
66 : []
67 : [41, 91, 30, 6]
68 : [23]
69 : [15, 97, 85]
70 : [104, 87, 77, 86]
71 : [29]
72 : [75, 104, 6, 81, 96]
73 : [2, 8, 74, 26, 63]
74 : [20, 65, 11]
75 : []
76 : [35]
77 : []
78 : [46, 23, 12]
79 : [81, 7, 41]
80 : []
81 : [36]
82 : [109, 61]
83 : []
84 : [80, 62, 79]
85 : [29]
86 : [27, 48, 109, 107]
87 : [67]
88 : [98, 20]
89 : []
90 : [104]
91 : [79]
92 : [40, 81]
93 : [48, 17]
94 : [1]
95 : [34, 8, 67, 77]
96 : [10, 67, 55]
97 : [33, 97, 73, 23, 38]
98 : [110]
99 : []
100 : [7, 95]
101 : [3, 54, 5, 6]
102 : []
103 : [79]
104 : [39, 100, 19, 99]
105 : [85, 9]
106 : [84, 41, 42]
107 : [87, 97]
108 : [76, 40, 34, 24]
109 : [86, 9]
110 : [13, 43]
111 : [86, 31, 30, 79, 28]
